-2.441862994289461142e+01 -4.329928194586930075e-08
-2.437862994289460516e+01 -4.140235513473015223e-08
-2.433862994289459891e+01 -3.958892375933709499e-08
-2.429862994289459266e+01 -3.785529780986607711e-08
-2.425862994289458641e+01 -3.619795066183687773e-08
-2.421862994289458015e+01 -3.461351234643790288e-08
-2.417862994289457390e+01 -3.309876212740964477e-08
-2.413862994289456765e+01 -3.165062243954811594e-08
-2.409862994289456140e+01 -3.026615183219429949e-08
-2.405862994289455514e+01 -2.894253920524064100e-08
-2.401862994289454889e+01 -2.767709806222546733e-08
-2.397862994289454264e+01 -2.646726098968681322e-08
-2.393862994289453638e+01 -2.531057413143846728e-08
-2.389862994289453013e+01 -2.420469252000878460e-08
-2.385862994289452388e+01 -2.314737487642032409e-08
-2.381862994289451763e+01 -2.213647947841395047e-08
-2.377862994289451137e+01 -2.116995940705183444e-08
-2.373862994289450512e+01 -2.024585827844397526e-08
-2.369862994289449887e+01 -1.936230630632433011e-08
-2.365862994289449261e+01 -1.851751632014589162e-08
-2.361862994289448636e+01 -1.770978055264040001e-08
-2.357862994289448011e+01 -1.693746679312666641e-08
-2.353862994289447386e+01 -1.619901457608539424e-08
-2.349862994289446760e+01 -1.549293260354970682e-08
-2.345862994289446135e+01 -1.481779589598869038e-08
-2.341862994289445510e+01 -1.417224217877320270e-08
-2.337862994289444885e+01 -1.355496975815419335e-08
-2.333862994289444259e+01 -1.296473390542401204e-08
-2.329862994289443634e+01 -1.240034513042472965e-08
-2.325862994289443009e+01 -1.186066645975370666e-08
-2.321862994289442383e+01 -1.134461104434710653e-08
-2.317862994289441758e+01 -1.085114035728268664e-08
-2.313862994289441133e+01 -1.037926163257962397e-08
-2.309862994289440508e+01 -9.928025795597871749e-09
-2.305862994289439882e+01 -9.496525952786649924e-09
-2.301862994289439257e+01 -9.083895294516538845e-09
-2.297862994289438632e+01 -8.689304933402228611e-09
-2.293862994289438006e+01 -8.311962443269672102e-09
-2.289862994289437381e+01 -7.951110500983286150e-09
-2.285862994289436756e+01 -7.606025441093525740e-09
-2.281862994289436131e+01 -7.276015565101368356e-09
-2.277862994289435505e+01 -6.960419576915384797e-09
-2.273862994289434880e+01 -6.658605187517886066e-09
-2.269862994289434255e+01 -6.369968263822025016e-09
-2.265862994289433630e+01 -6.093931352263764500e-09
-2.261862994289433004e+01 -5.829942353176699209e-09
-2.257862994289432379e+01 -5.577472807104231837e-09
-2.253862994289431754e+01 -5.336017955830386387e-09
-2.249862994289431128e+01 -5.105095582370400442e-09
-2.245862994289430503e+01 -4.884244635005531924e-09
-2.241862994289429878e+01 -4.673024133877976208e-09
-2.237862994289429253e+01 -4.471012732137001480e-09
-2.233862994289428627e+01 -4.277807621460911682e-09
-2.229862994289428002e+01 -4.093023717840648757e-09
-2.225862994289427377e+01 -3.916292815510691131e-09
-2.221862994289426751e+01 -3.747262957542432850e-09
-2.217862994289426126e+01 -3.585597774603518497e-09
-2.213862994289425501e+01 -3.430975814409798098e-09
-2.209862994289424876e+01 -3.283089728670413788e-09
-2.205862994289424250e+01 -3.141645365973066046e-09
-2.201862994289423625e+01 -3.006361618813294151e-09
-2.197862994289423000e+01 -2.876969706318221154e-09
-2.193862994289422375e+01 -2.753213213636676275e-09
-2.189862994289421749e+01 -2.634846781870176351e-09
-2.185862994289421124e+01 -2.521635426211155557e-09
-2.181862994289420499e+01 -2.413354371804465113e-09
-2.177862994289419873e+01 -2.309789297217014860e-09
-2.173862994289419248e+01 -2.210735471847204780e-09
-2.169862994289418623e+01 -2.115996723112337367e-09
-2.165862994289417998e+01 -2.025385555758575827e-09
-2.161862994289417372e+01 -1.938723104967639638e-09
-2.157862994289416747e+01 -1.855838173256170208e-09
-2.153862994289416122e+01 -1.776567198827437293e-09
-2.149862994289415496e+01 -1.700753516766141852e-09
-2.145862994289414871e+01 -1.628247680981754863e-09
-2.141862994289414246e+01 -1.558906321348206059e-09
-2.137862994289413621e+01 -1.492592978030694876e-09
-2.133862994289412995e+01 -1.429176984418125104e-09
-2.129862994289412370e+01 -1.368534068196794617e-09
-2.125862994289411745e+01 -1.310544510419488451e-09
-2.121862994289411120e+01 -1.255094486272654676e-09
-2.117862994289410494e+01 -1.202075136744480888e-09
-2.113862994289409869e+01 -1.151382154630823909e-09
-2.109862994289409244e+01 -1.102915591767952306e-09
-2.105862994289408618e+01 -1.056580591564445066e-09
-2.101862994289407993e+01 -1.012286058685209498e-09
-2.097862994289407368e+01 -9.699452839860692318e-10
-2.093862994289406743e+01 -9.294752992085954977e-10
-2.089862994289406117e+01 -8.907967191241821329e-10
-2.085862994289405492e+01 -8.538338933013451331e-10
-2.081862994289404867e+01 -8.185144318239001481e-10
-2.077862994289404241e+01 -7.847693582980520180e-10
-2.073862994289403616e+01 -7.525327943944062126e-10
-2.069862994289402991e+01 -7.217418645067196993e-10
-2.065862994289402366e+01 -6.923361843149283690e-10
-2.061862994289401740e+01 -6.642582956795118063e-10
-2.057862994289401115e+01 -6.374532487290925216e-10
-2.053862994289400490e+01 -6.118691632993158128e-10
-2.049862994289399865e+01 -5.874566052639692870e-10
-2.045862994289399239e+01 -5.641680042230381757e-10
-2.041862994289398614e+01 -5.419578051476396431e-10
-2.037862994289397989e+01 -5.207827253542171170e-10
-2.033862994289397363e+01 -5.006015765062206155e-10
-2.029862994289396738e+01 -4.813754607481884692e-10
-2.025862994289396113e+01 -4.630666854942629075e-10
-2.021862994289395488e+01 -4.456395943342657892e-10
-2.017862994289394862e+01 -4.290605560410756183e-10
-2.013862994289394237e+01 -4.132973554413241877e-10
-2.009862994289393612e+01 -3.983195885521657243e-10
-2.005862994289392987e+01 -3.840980720515559660e-10
-2.001862994289392361e+01 -3.706046397626275290e-10
-1.997862994289391736e+01 -3.578134967593412349e-10
-1.993862994289391111e+01 -3.456999520521871647e-10
-1.989862994289390485e+01 -3.342410243111286302e-10
-1.985862994289389860e+01 -3.234143428041629260e-10
-1.981862994289389235e+01 -3.131989471371716788e-10
-1.977862994289388610e+01 -3.035748050469318173e-10
-1.973862994289387984e+01 -2.945231796774826749e-10
-1.969862994289387359e+01 -2.860267923225386616e-10
-1.965862994289386734e+01 -2.780691210274968332e-10
-1.961862994289386108e+01 -2.706349385608192214e-10
-1.957862994289385483e+01 -2.637097269389994790e-10
-1.953862994289384858e+01 -2.572797370499307018e-10
-1.949862994289384233e+01 -2.513324794850078808e-10
-1.945862994289383607e+01 -2.458565144297401890e-10
-1.941862994289382982e+01 -2.408410839431316925e-10
-1.937862994289382357e+01 -2.362767995608455718e-10
-1.933862994289381732e+01 -2.321548382663461945e-10
-1.929862994289381106e+01 -2.284662663536024866e-10
-1.925862994289380481e+01 -2.252040538642599548e-10
-1.921862994289379856e+01 -2.223611906283316896e-10
-1.917862994289379230e+01 -2.199326018093465782e-10
-1.913862994289378605e+01 -2.179134520656543359e-10
-1.909862994289377980e+01 -2.162997489881303162e-10
-1.905862994289377355e+01 -2.150880838183482258e-10
-1.901862994289376729e+01 -2.142757528058100775e-10
-1.897862994289376104e+01 -2.138604837563875744e-10
-1.893862994289375479e+01 -2.138413940969720103e-10
-1.889862994289374853e+01 -2.142182065345610470e-10
-1.885862994289374228e+01 -2.149908467473436563e-10
-1.881862994289373603e+01 -2.161605029653584443e-10
-1.877862994289372978e+01 -2.177291370485909609e-10
-1.873862994289372352e+01 -2.196989918751824920e-10
-1.869862994289371727e+01 -2.220731993765394717e-10
-1.865862994289371102e+01 -2.248562427710290350e-10
-1.861862994289370477e+01 -2.280524848945519042e-10
-1.857862994289369851e+01 -2.316674170936127940e-10
-1.853862994289369226e+01 -2.357072515697882196e-10
-1.849862994289368601e+01 -2.401790114609939809e-10
-1.845862994289367975e+01 -2.450906871023243803e-10
-1.841862994289367350e+01 -2.504507200436681059e-10
-1.837862994289366725e+01 -2.562684602192379145e-10
-1.833862994289366100e+01 -2.625535971678089057e-10
-1.829862994289365474e+01 -2.693173543628903559e-10
-1.825862994289364849e+01 -2.765715255175643527e-10
-1.821862994289364224e+01 -2.843285997310085243e-10
-1.817862994289363598e+01 -2.926023496779928329e-10
-1.813862994289362973e+01 -3.014070116359975721e-10
-1.809862994289362348e+01 -3.107573330018227441e-10
-1.805862994289361723e+01 -3.206701933269476262e-10
-1.801862994289361097e+01 -3.311627508166768351e-10
-1.797862994289360472e+01 -3.422530521468923988e-10
-1.793862994289359847e+01 -3.539604812090412051e-10
-1.789862994289359222e+01 -3.663058348982872927e-10
-1.785862994289358596e+01 -3.793104189086713209e-10
-1.781862994289357971e+01 -3.929965311513406361e-10
-1.777862994289357346e+01 -4.073878426721799516e-10
-1.773862994289356720e+01 -4.225094850413674608e-10
-1.769862994289356095e+01 -4.383873494320979675e-10
-1.765862994289355470e+01 -4.550489980402936720e-10
-1.761862994289354845e+01 -4.725232622558096075e-10
-1.757862994289354219e+01 -4.908398839331365023e-10
-1.753862994289353594e+01 -5.100311252667529184e-10
-1.749862994289352969e+01 -5.301294328281948822e-10
-1.745862994289352343e+01 -5.511692307462734077e-10
-1.741862994289351718e+01 -5.731870105376373931e-10
-1.737862994289351093e+01 -5.962197989999989958e-10
-1.733862994289350468e+01 -6.203071723326275196e-10
-1.729862994289349842e+01 -6.454901382165111399e-10
-1.725862994289349217e+01 -6.718115362361197779e-10
-1.721862994289348592e+01 -6.993164746806693375e-10
-1.717862994289347967e+01 -7.280512363982412964e-10
-1.713862994289347341e+01 -7.580650959141823496e-10
-1.709862994289346716e+01 -7.894080060894544297e-10
-1.705862994289346091e+01 -8.221331756306681541e-10
-1.701862994289345465e+01 -8.562961830667816051e-10
-1.697862994289344840e+01 -8.919538036295398782e-10
-1.693862994289344215e+01 -9.291661857458237511e-10
-1.689862994289343590e+01 -9.679953547601776499e-10
-1.685862994289342964e+01 -1.008506097840984633e-09
-1.681862994289342339e+01 -1.050766083770719772e-09
-1.677862994289341714e+01 -1.094846097851082579e-09
-1.673862994289341088e+01 -1.140818868045790898e-09
-1.669862994289340463e+01 -1.188760512141867910e-09
-1.665862994289339838e+01 -1.238750684780869039e-09
-1.661862994289339213e+01 -1.290872407546362783e-09
-1.657862994289338587e+01 -1.345211217617812280e-09
-1.653862994289337962e+01 -1.401856677108305466e-09
-1.649862994289337337e+01 -1.460901445145017703e-09
-1.645862994289336712e+01 -1.522442076112318256e-09
-1.641862994289336086e+01 -1.586579116643733404e-09
-1.637862994289335461e+01 -1.653417019022931185e-09
-1.633862994289334836e+01 -1.723064655763437453e-09
-1.629862994289334210e+01 -1.795634836847440548e-09
-1.625862994289333585e+01 -1.871244979563019195e-09
-1.621862994289332960e+01 -1.950017063360470442e-09
-1.617862994289332335e+01 -2.032078231926389549e-09
-1.613862994289331709e+01 -2.117559410659011831e-09
-1.609862994289331084e+01 -2.206597473622544342e-09
-1.605862994289330459e+01 -2.299334787817709977e-09
-1.601862994289329833e+01 -2.395919077292205002e-09
-1.597862994289329208e+01 -2.496503562876862981e-09
-1.593862994289328583e+01 -2.601246843429681354e-09
-1.589862994289327958e+01 -2.710314519217390975e-09
-1.585862994289327332e+01 -2.823878414617228421e-09
-1.581862994289326707e+01 -2.942116794761950719e-09
-1.577862994289326082e+01 -3.065214816204068967e-09
-1.573862994289325457e+01 -3.193364771103100534e-09
-1.569862994289324831e+01 -3.326765984940726184e-09
-1.565862994289324206e+01 -3.465625586004478746e-09
-1.561862994289323581e+01 -3.610157764958123715e-09
-1.557862994289322955e+01 -3.760585563738136524e-09
-1.553862994289322330e+01 -3.917139686327274699e-09
-1.549862994289321705e+01 -4.080059571809425763e-09
-1.545862994289321080e+01 -4.249594422480345163e-09
-1.541862994289320454e+01 -4.426001843546711562e-09
-1.537862994289319829e+01 -4.609549247544868218e-09
-1.533862994289319204e+01 -4.800513867653524838e-09
-1.529862994289318578e+01 -4.999182417434238483e-09
-1.525862994289317953e+01 -5.205852347507824438e-09
-1.521862994289317328e+01 -5.420832039748725457e-09
-1.517862994289316703e+01 -5.644441264098508532e-09
-1.513862994289316077e+01 -5.877011777354832970e-09
-1.509862994289315452e+01 -6.118886013434173449e-09
-1.505862994289314827e+01 -6.370419552245823354e-09
-1.501862994289314202e+01 -6.631980556798430213e-09
-1.497862994289313576e+01 -6.903950003694174479e-09
-1.493862994289312951e+01 -7.186722522750208271e-09
-1.489862994289312326e+01 -7.480705886945023477e-09
-1.485862994289311700e+01 -7.786322208402445582e-09
-1.481862994289311075e+01 -8.104009877511544070e-09
-1.477862994289310450e+01 -8.434220843092131697e-09
-1.473862994289309825e+01 -8.777423013134318490e-09
-1.469862994289309199e+01 -9.134101032307242849e-09
-1.465862994289308574e+01 -9.504754888915193519e-09
-1.461862994289307949e+01 -9.889902521842541089e-09
-1.457862994289307323e+01 -1.029007855761363924e-08
-1.453862994289306698e+01 -1.070583590837031409e-08
-1.449862994289306073e+01 -1.113774586539784411e-08
-1.445862994289305448e+01 -1.158639842788222186e-08
-1.441862994289304822e+01 -1.205240305176666548e-08
-1.437862994289304197e+01 -1.253638951220808633e-08
-1.433862994289303572e+01 -1.303900753722096455e-08
-1.429862994289302947e+01 -1.356092725471914044e-08
-1.425862994289302321e+01 -1.410284070532875984e-08
-1.421862994289301696e+01 -1.466546188841052559e-08
-1.417862994289301071e+01 -1.524952665532152392e-08
-1.413862994289300445e+01 -1.585579435661379501e-08
-1.409862994289299820e+01 -1.648504790341149014e-08
-1.405862994289299195e+01 -1.713809413157916462e-08
-1.401862994289298570e+01 -1.781576390264286657e-08
-1.397862994289297944e+01 -1.851891283148147231e-08
-1.393862994289297319e+01 -1.924842218480109255e-08
-1.389862994289296694e+01 -2.000519928137123927e-08
-1.385862994289296068e+01 -2.079017768379510658e-08
-1.381862994289295443e+01 -2.160431770053705176e-08
-1.377862994289294818e+01 -2.244860636582533903e-08
-1.373862994289294193e+01 -2.332405872796939002e-08
-1.369862994289293567e+01 -2.423171814073380385e-08
-1.365862994289292942e+01 -2.517265589266999623e-08
-1.361862994289292317e+01 -2.614797184010506905e-08
-1.357862994289291692e+01 -2.715879588186423182e-08
-1.353862994289291066e+01 -2.820628668116500645e-08
-1.349862994289290441e+01 -2.929163249069785654e-08
-1.345862994289289816e+01 -3.041605068280365668e-08
-1.341862994289289190e+01 -3.158078964931613337e-08
-1.337862994289288565e+01 -3.278712761802440652e-08
-1.333862994289287940e+01 -3.403637272438241169e-08
-1.329862994289287315e+01 -3.532986402336335480e-08
-1.325862994289286689e+01 -3.666897059517304665e-08
-1.321862994289286064e+01 -3.805509140360458012e-08
-1.317862994289285439e+01 -3.948965563755782566e-08
-1.313862994289284813e+01 -4.097412269837393289e-08
-1.309862994289284188e+01 -4.250998142362192796e-08
-1.305862994289283563e+01 -4.409875024478703894e-08
-1.301862994289282938e+01 -4.574197570925775324e-08
-1.297862994289282312e+01 -4.744123297130647363e-08
-1.293862994289281687e+01 -4.919812441702430494e-08
-1.289862994289281062e+01 -5.101427990183693417e-08
-1.285862994289280437e+01 -5.289135550624836958e-08
-1.281862994289279811e+01 -5.483103160910559748e-08
-1.277862994289279186e+01 -5.683501357292364894e-08
-1.273862994289278561e+01 -5.890502934885265977e-08
-1.269862994289277935e+01 -6.104282969602496012e-08
-1.265862994289277310e+01 -6.325018498407118477e-08
-1.261862994289276685e+01 -6.552888428691192998e-08
-1.257862994289276060e+01 -6.788073447468200048e-08
-1.253862994289275434e+01 -7.030755872305611764e-08
-1.249862994289274809e+01 -7.281119337744738522e-08
-1.245862994289274184e+01 -7.539348618092059444e-08
-1.241862994289273558e+01 -7.805629494192605035e-08
-1.237862994289272933e+01 -8.080148467296074695e-08
-1.233862994289272308e+01 -8.363092471386509263e-08
-1.229862994289271683e+01 -8.654648478648776835e-08
-1.225862994289271057e+01 -8.955003452626965210e-08
-1.221862994289270432e+01 -9.264343905199237333e-08
-1.217862994289269807e+01 -9.582855664939627972e-08
-1.213862994289269182e+01 -9.910723638299302556e-08
-1.209862994289268556e+01 -1.024813131990493811e-07
-1.205862994289267931e+01 -1.059526040805392828e-07
-1.201862994289267306e+01 -1.095229054847702769e-07
-1.197862994289266680e+01 -1.131939893675370860e-07
-1.193862994289266055e+01 -1.169675992292825214e-07
-1.189862994289265430e+01 -1.208454456169034864e-07
-1.185862994289264805e+01 -1.248292022616652895e-07
-1.181862994289264179e+01 -1.289205021041480347e-07
-1.177862994289263554e+01 -1.331209319490426397e-07
-1.173862994289262929e+01 -1.374320299730163748e-07
-1.169862994289262303e+01 -1.418552783260115180e-07
-1.165862994289261678e+01 -1.463921016395310781e-07
-1.161862994289261053e+01 -1.510438608259855094e-07
-1.157862994289260428e+01 -1.558118484083451048e-07
-1.153862994289259802e+01 -1.606972837095027161e-07
-1.149862994289259177e+01 -1.657013104774322868e-07
-1.145862994289258552e+01 -1.708249901464420567e-07
-1.141862994289257927e+01 -1.760692987673731867e-07
-1.137862994289257301e+01 -1.814351222811532132e-07
-1.133862994289256676e+01 -1.869232515525904209e-07
-1.129862994289256051e+01 -1.925343798494999775e-07
-1.125862994289255425e+01 -1.982690987946451489e-07
-1.121862994289254800e+01 -2.041278951575237258e-07
-1.117862994289254175e+01 -2.101111457521962709e-07
-1.113862994289253550e+01 -2.162191167172756881e-07
-1.109862994289252924e+01 -2.224519602621439912e-07
-1.105862994289252299e+01 -2.288097105792210369e-07
-1.101862994289251674e+01 -2.352922864053345594e-07
-1.097862994289251048e+01 -2.418994844664975689e-07
-1.093862994289250423e+01 -2.486309806874595417e-07
-1.089862994289249798e+01 -2.554863300507092105e-07
-1.085862994289249173e+01 -2.624649664377723529e-07
-1.081862994289248547e+01 -2.695662037929614759e-07
-1.077862994289247922e+01 -2.767892357626951042e-07
-1.073862994289247297e+01 -2.841331389506963779e-07
-1.069862994289246672e+01 -2.915968739316630560e-07
-1.065862994289246046e+01 -2.991792898424175421e-07
-1.061862994289245421e+01 -3.068791284595546739e-07
-1.057862994289244796e+01 -3.146950265750595501e-07
-1.053862994289244170e+01 -3.226255223428841579e-07
-1.049862994289243545e+01 -3.306690621112679100e-07
-1.045862994289242920e+01 -3.388240050204833035e-07
-1.041862994289242295e+01 -3.470886309347938455e-07
-1.037862994289241669e+01 -3.554611514005981718e-07
-1.033862994289241044e+01 -3.639397145339776531e-07
-1.029862994289240419e+01 -3.725224169761240828e-07
-1.025862994289239793e+01 -3.812073135461141206e-07
-1.021862994289239168e+01 -3.899924284493350237e-07
-1.017862994289238543e+01 -3.988757681455497310e-07
-1.013862994289237918e+01 -4.078553337269706975e-07
-1.009862994289237292e+01 -4.169291319970986373e-07
-1.005862994289236667e+01 -4.260951921324268910e-07
-1.001862994289236042e+01 -4.353515779997925273e-07
-9.978629942892354165e+00 -4.446964030118921108e-07
-9.938629942892347913e+00 -4.541278470173449345e-07
-9.898629942892341660e+00 -4.636441725115962875e-07
-9.858629942892335407e+00 -4.732437407297233663e-07
-9.818629942892329154e+00 -4.829250257224578028e-07
-9.778629942892322902e+00 -4.926866360450141627e-07
-9.738629942892316649e+00 -5.025273286939884760e-07
-9.698629942892310396e+00 -5.124460293333830170e-07
-9.658629942892304143e+00 -5.224418480825298530e-07
-9.618629942892297890e+00 -5.325140982073789552e-07
-9.578629942892291638e+00 -5.426623152039746361e-07
-9.538629942892285385e+00 -5.528862749302270474e-07
-9.498629942892279132e+00 -5.631860099815842675e-07
-9.458629942892272879e+00 -5.735618271918463109e-07
-9.418629942892266627e+00 -5.840143295956454600e-07
-9.378629942892260374e+00 -5.945444326093900308e-07
-9.338629942892254121e+00 -6.051533792331807763e-07
-9.298629942892247868e+00 -6.158427577692389892e-07
-9.258629942892241615e+00 -6.266145208810190943e-07
-9.218629942892235363e+00 -6.374710002611109071e-07
-9.178629942892229110e+00 -6.484149240116685558e-07
-9.138629942892222857e+00 -6.594494325580773418e-07
-9.098629942892216604e+00 -6.705780924442274092e-07
-9.058629942892210352e+00 -6.818049103522421458e-07
-9.018629942892204099e+00 -6.931343518496275886e-07
-8.978629942892197846e+00 -7.045713537723135768e-07
-8.938629942892191593e+00 -7.161213388530263597e-07
-8.898629942892185340e+00 -7.277902271311362218e-07
-8.858629942892179088e+00 -7.395844487952023635e-07
-8.818629942892172835e+00 -7.515109551738276324e-07
-8.778629942892166582e+00 -7.635772344852182552e-07
-8.738629942892160329e+00 -7.757913214438571374e-07
-8.698629942892154077e+00 -7.881618081265067847e-07
-8.658629942892147824e+00 -8.006978553402910042e-07
-8.618629942892141571e+00 -8.134092035180640348e-07
-8.578629942892135318e+00 -8.263061848973329599e-07
-8.538629942892129066e+00 -8.393997306920535910e-07
-8.498629942892122813e+00 -8.527013835046813343e-07
-8.458629942892116560e+00 -8.662233062966093506e-07
-8.418629942892110307e+00 -8.799782921266653802e-07
-8.378629942892104054e+00 -8.939797748495066435e-07
-8.338629942892097802e+00 -9.082418414693329025e-07
-8.298629942892091549e+00 -9.227792396652171670e-07
-8.258629942892085296e+00 -9.376073911019996563e-07
-8.218629942892079043e+00 -9.527424015264997662e-07
-8.178629942892072791e+00 -9.682010710216938586e-07
-8.138629942892066538e+00 -9.840009062784096987e-07
-8.098629942892060285e+00 -1.000160132879261260e-06
-8.058629942892054032e+00 -1.016697708826711028e-06
-8.018629942892047779e+00 -1.033633334917505184e-06
-7.978629942892041527e+00 -1.050987474557597407e-06
-7.938629942892035274e+00 -1.068781370851084318e-06
-7.898629942892029021e+00 -1.087037058717181837e-06
-7.858629942892022768e+00 -1.105777378226705361e-06
-7.818629942892016516e+00 -1.125025996748952346e-06
-7.778629942892010263e+00 -1.144807431712243314e-06
-7.738629942892004010e+00 -1.165147066450033606e-06
-7.698629942891997757e+00 -1.186071172015295716e-06
-7.658629942891991504e+00 -1.207606932021179252e-06
-7.618629942891985252e+00 -1.229782464941504209e-06
-7.578629942891978999e+00 -1.252626852067144808e-06
-7.538629942891972746e+00 -1.276170162703897856e-06
-7.498629942891966493e+00 -1.300443486092334277e-06
-7.458629942891960241e+00 -1.325478957293364418e-06
-7.418629942891953988e+00 -1.351309794441322842e-06
-7.378629942891947735e+00 -1.377970326578152200e-06
-7.338629942891941482e+00 -1.405496035556995786e-06
-7.298629942891935229e+00 -1.433923591232373187e-06
-7.258629942891928977e+00 -1.463290889333443114e-06
-7.218629942891922724e+00 -1.493637095101899516e-06
-7.178629942891916471e+00 -1.525002683680877802e-06
-7.138629942891910218e+00 -1.557429489535544459e-06
-7.098629942891903966e+00 -1.590960754495949261e-06
-7.058629942891897713e+00 -1.625641174354195735e-06
-7.018629942891891460e+00 -1.661516954131254088e-06
-6.978629942891885207e+00 -1.698635860724987132e-06
-6.938629942891878954e+00 -1.737047283239733350e-06
-6.898629942891872702e+00 -1.776802290114716343e-06
-6.858629942891866449e+00 -1.817953692972601077e-06
-6.818629942891860196e+00 -1.860556113415511550e-06
-6.778629942891853943e+00 -1.904666047415032302e-06
-6.738629942891847691e+00 -1.950341936970329883e-06
-6.698629942891841438e+00 -1.997644245386086967e-06
-6.658629942891835185e+00 -2.046635534379278021e-06
-6.618629942891828932e+00 -2.097380540466906323e-06
-6.578629942891822679e+00 -2.149946264633416378e-06
-6.538629942891816427e+00 -2.204402050436563366e-06
-6.498629942891810174e+00 -2.260819679198498298e-06
-6.458629942891803921e+00 -2.319273463181899006e-06
-6.418629942891797668e+00 -2.379840341442103527e-06
-6.378629942891791416e+00 -2.442599980004983150e-06
-6.338629942891785163e+00 -2.507634877017770882e-06
-6.298629942891778910e+00 -2.575030471305473550e-06
-6.258629942891772657e+00 -2.644875256307486407e-06
-6.218629942891766405e+00 -2.717260897517337382e-06
-6.178629942891760152e+00 -2.792282351502940601e-06
-6.138629942891753899e+00 -2.870037994427054125e-06
-6.098629942891747646e+00 -2.950629752176293919e-06
-6.058629942891741393e+00 -3.034163234458419669e-06
-6.018629942891735141e+00 -3.120747876343228405e-06
-5.978629942891728888e+00 -3.210497084638174970e-06
-5.938629942891722635e+00 -3.303528390788143483e-06
-5.898629942891716382e+00 -3.399963605890504439e-06
-5.858629942891710130e+00 -3.499928986248079911e-06
-5.818629942891703877e+00 -3.603555398798039177e-06
-5.778629942891697624e+00 -3.710978497982061383e-06
-5.738629942891691371e+00 -3.822338905485088793e-06
-5.698629942891685118e+00 -3.937782400106780697e-06
-5.658629942891678866e+00 -4.057460113458383053e-06
-5.618629942891672613e+00 -4.181528730509847277e-06
-5.578629942891666360e+00 -4.310150699386987999e-06
-5.538629942891660107e+00 -4.443494448461442455e-06
-5.498629942891653855e+00 -4.581734610786106377e-06
-5.458629942891647602e+00 -4.725052258532856688e-06
-5.418629942891641349e+00 -4.873635143790598022e-06
-5.378629942891635096e+00 -5.027677951022855819e-06
-5.338629942891628843e+00 -5.187382552824187522e-06
-5.298629942891622591e+00 -5.352958281819979564e-06
-5.258629942891616338e+00 -5.524622208696452191e-06
-5.218629942891610085e+00 -5.702599428253337688e-06
-5.178629942891603832e+00 -5.887123363188146427e-06
-5.138629942891597580e+00 -6.078436070549130491e-06
-5.098629942891591327e+00 -6.276788563772253385e-06
-5.058629942891585074e+00 -6.482441143982432680e-06
-5.018629942891578821e+00 -6.695663745748613009e-06
-4.978629942891572568e+00 -6.916736292717736893e-06
-4.938629942891566316e+00 -7.145949069427287959e-06
-4.898629942891560063e+00 -7.383603101137647983e-06
-4.858629942891553810e+00 -7.630010551730126786e-06
-4.818629942891547557e+00 -7.885495134250367335e-06
-4.778629942891541305e+00 -8.150392534334433331e-06
-4.738629942891535052e+00 -8.425050851803721330e-06
-4.698629942891528799e+00 -8.709831057647843332e-06
-4.658629942891522546e+00 -9.005107464098596699e-06
-4.618629942891516293e+00 -9.311268214031743622e-06
-4.578629942891510041e+00 -9.628715786114047174e-06
-4.538629942891503788e+00 -9.957867520111126389e-06
-4.498629942891497535e+00 -1.029915615806184950e-05
-4.458629942891491282e+00 -1.065303040490531482e-05
-4.418629942891485030e+00 -1.101995551126800591e-05
-4.378629942891478777e+00 -1.140041387280021031e-05
-4.338629942891472524e+00 -1.179490565459555215e-05
-4.298629942891466271e+00 -1.220394943177870154e-05
-4.258629942891460018e+00 -1.262808285776296686e-05
-4.218629942891453766e+00 -1.306786335715264108e-05
-4.178629942891447513e+00 -1.352386883349735756e-05
-4.138629942891441260e+00 -1.399669841150093404e-05
-4.098629942891435007e+00 -1.448697319842275492e-05
-4.058629942891428755e+00 -1.499533707655941322e-05
-4.018629942891422502e+00 -1.552245751711626203e-05
-3.978629942891416249e+00 -1.606902642726367548e-05
-3.938629942891409996e+00 -1.663576102436991464e-05
-3.898629942891403743e+00 -1.722340473774124092e-05
-3.858629942891397491e+00 -1.783272814487015523e-05
-3.818629942891391238e+00 -1.846452993838424290e-05
-3.778629942891384985e+00 -1.911963792482362329e-05
-3.738629942891378732e+00 -1.979891005708867740e-05
-3.698629942891372480e+00 -2.050323550180956146e-05
-3.658629942891366227e+00 -2.123353574254903609e-05
-3.618629942891359974e+00 -2.199076572029165860e-05
-3.578629942891353721e+00 -2.277591501183495197e-05
-3.538629942891347469e+00 -2.359000904792373578e-05
-3.498629942891341216e+00 -2.443411037316750819e-05
-3.458629942891334963e+00 -2.530931994049166281e-05
-3.418629942891328710e+00 -2.621677845813103332e-05
-3.378629942891322457e+00 -2.715766777363005352e-05
-3.338629942891316205e+00 -2.813321230968279064e-05
-3.298629942891309952e+00 -2.914468053902488377e-05
-3.258629942891303699e+00 -3.019338651053199855e-05
-3.218629942891297446e+00 -3.128069142686213408e-05
-3.178629942891291194e+00 -3.240800527047170697e-05
-3.138629942891284941e+00 -3.357678848574452901e-05
-3.098629942891278688e+00 -3.478855370805636782e-05
-3.058629942891272435e+00 -3.604486755189485471e-05
-3.018629942891266182e+00 -3.734735245708670979e-05
-2.978629942891259930e+00 -3.869768859214463405e-05
-2.938629942891253677e+00 -4.009761581560680667e-05
-2.898629942891247424e+00 -4.154893570054468444e-05
-2.858629942891241171e+00 -4.305351362201346023e-05
-2.818629942891234919e+00 -4.461328090538380070e-05
-2.778629942891228666e+00 -4.623023704804411316e-05
-2.738629942891222413e+00 -4.790645200663595581e-05
-2.698629942891216160e+00 -4.964406854755339029e-05
-2.658629942891209907e+00 -5.144530467831938441e-05
-2.618629942891203655e+00 -5.331245614480057494e-05
-2.578629942891197402e+00 -5.524789900830902117e-05
-2.538629942891191149e+00 -5.725409229511179744e-05
-2.498629942891184896e+00 -5.933358072821133739e-05
-2.458629942891178644e+00 -6.148899753655484200e-05
-2.418629942891172391e+00 -6.372306734763269215e-05
-2.378629942891166138e+00 -6.603860916523081142e-05
-2.338629942891159885e+00 -6.843853942935700172e-05
-2.298629942891153632e+00 -7.092587516834820787e-05
-2.258629942891147380e+00 -7.350373723529424685e-05
-2.218629942891141127e+00 -7.617535363821259400e-05
-2.178629942891134874e+00 -7.894406296446173732e-05
-2.138629942891128621e+00 -8.181331789842653378e-05
-2.098629942891122369e+00 -8.478668883404348665e-05
-2.058629942891116116e+00 -8.786786758960134799e-05
-2.018629942891109863e+00 -9.106067121945593784e-05
-1.978629942891103610e+00 -9.436904592713524068e-05
-1.938629942891097357e+00 -9.779707108540298445e-05
-1.898629942891091105e+00 -1.013489633576473905e-04
-1.858629942891084852e+00 -1.050290809276522615e-04
-1.818629942891078599e+00 -1.088419278394660083e-04
-1.778629942891072346e+00 -1.127921584411075784e-04
-1.738629942891066094e+00 -1.168845819461531463e-04
-1.698629942891059841e+00 -1.211241671037462602e-04
-1.658629942891053588e+00 -1.255160469849094212e-04
-1.618629942891047335e+00 -1.300655238793511773e-04
-1.578629942891041082e+00 -1.347780743143086159e-04
-1.538629942891034830e+00 -1.396593541846027475e-04
-1.498629942891028577e+00 -1.447152040081733503e-04
-1.458629942891022324e+00 -1.499516542911256479e-04
-1.418629942891016071e+00 -1.553749310189072393e-04
-1.378629942891009819e+00 -1.609914612633073932e-04
-1.338629942891003566e+00 -1.668078789133793768e-04
-1.298629942890997313e+00 -1.728310305233809682e-04
-1.258629942890991060e+00 -1.790679812839795950e-04
-1.218629942890984807e+00 -1.855260211109394249e-04
-1.178629942890978555e+00 -1.922126708566294256e-04
-1.138629942890972302e+00 -1.991356886371490101e-04
-1.098629942890966049e+00 -2.063030762803849151e-04
-1.058629942890959796e+00 -2.137230858932976556e-04
-1.018629942890953544e+00 -2.214042265414593890e-04
-9.786299428909472908e-01 -2.293552710456310236e-04
-9.386299428909410381e-01 -2.375852628926006292e-04
-8.986299428909347853e-01 -2.461035232513849951e-04
-8.586299428909285325e-01 -2.549196581037860830e-04
-8.186299428909222797e-01 -2.640435654774533208e-04
-7.786299428909160270e-01 -2.734854427813701778e-04
-7.386299428909097742e-01 -2.832557942433054535e-04
-6.986299428909035214e-01 -2.933654384359457730e-04
-6.586299428908972686e-01 -3.038255159022538857e-04
-6.186299428908910158e-01 -3.146474968593246098e-04
-5.786299428908847631e-01 -3.258431889904666451e-04
-5.386299428908785103e-01 -3.374247453087693589e-04
-4.986299428908722575e-01 -3.494046720911288891e-04
-4.586299428908660047e-01 -3.617958368790937895e-04
-4.186299428908597520e-01 -3.746114765301824016e-04
-3.786299428908534992e-01 -3.878652053228669313e-04
-3.386299428908472464e-01 -4.015710231019605381e-04
-2.986299428908409936e-01 -4.157433234563205865e-04
-2.586299428908347409e-01 -4.303969019178692100e-04
-2.186299428908284881e-01 -4.455469641795282163e-04
-1.786299428908222353e-01 -4.612091343106217828e-04
-1.386299428908159825e-01 -4.773994629703674341e-04
-9.862994289080972976e-02 -4.941344356013756310e-04
-5.862994289080347698e-02 -5.114309805893258853e-04
-1.862994289079722421e-02 -5.293064773809396870e-04
2.137005710920902857e-02 -5.477787645446177862e-04
6.137005710921528134e-02 -5.668661477638813886e-04
1.013700571092215341e-01 -5.865874077411930903e-04
1.413700571092277869e-01 -6.069618079994741231e-04
1.813700571092340397e-01 -6.280091025662811084e-04
2.213700571092402924e-01 -6.497495435296713872e-04
2.613700571092465452e-01 -6.722038884337179932e-04
3.013700571092527980e-01 -6.953934075071540937e-04
3.413700571092590508e-01 -7.193398907078115898e-04
3.813700571092653036e-01 -7.440656545547077701e-04
4.213700571092715563e-01 -7.695935487263521734e-04
4.613700571092778091e-01 -7.959469624183647960e-04
5.013700571092840619e-01 -8.231498304249043130e-04
5.413700571092903147e-01 -8.512266389246881792e-04
5.813700571092965674e-01 -8.802024309545927174e-04
6.213700571093028202e-01 -9.101028115394389295e-04
6.613700571093090730e-01 -9.409539524608503307e-04
7.013700571093153258e-01 -9.727825966340579661e-04
7.413700571093215785e-01 -1.005616062071083925e-03
7.813700571093278313e-01 -1.039482245410700651e-03
8.213700571093340841e-01 -1.074409624973481732e-03
8.613700571093403369e-01 -1.110427263332166821e-03
9.013700571093465896e-01 -1.147564809355123075e-03
9.413700571093528424e-01 -1.185852499713603439e-03
9.813700571093590952e-01 -1.225321159808677712e-03
1.021370057109365348e+00 -1.266002204099428777e-03
1.061370057109371601e+00 -1.307927635807229092e-03
1.101370057109377854e+00 -1.351130045956866650e-03
1.141370057109384106e+00 -1.395642611736105888e-03
1.181370057109390359e+00 -1.441499094147911204e-03
1.221370057109396612e+00 -1.488733834920905746e-03
1.261370057109402865e+00 -1.537381752658368780e-03
1.301370057109409117e+00 -1.587478338192243980e-03
1.341370057109415370e+00 -1.639059649121314861e-03
1.381370057109421623e+00 -1.692162303506030080e-03
1.421370057109427876e+00 -1.746823472695198083e-03
1.461370057109434129e+00 -1.803080873261327707e-03
1.501370057109440381e+00 -1.860972758020958953e-03
1.541370057109446634e+00 -1.920537906118101497e-03
1.581370057109452887e+00 -1.981815612149849092e-03
1.621370057109459140e+00 -2.044845674318689424e-03
1.661370057109465392e+00 -2.109668381586239910e-03
1.701370057109471645e+00 -2.176324499812154652e-03
1.741370057109477898e+00 -2.244855256874834799e-03
1.781370057109484151e+00 -2.315302326746593743e-03
1.821370057109490403e+00 -2.387707812518641108e-03
1.861370057109496656e+00 -2.462114228364748175e-03
1.901370057109502909e+00 -2.538564480441789315e-03
1.941370057109509162e+00 -2.617101846714123443e-03
1.981370057109515415e+00 -2.697769955707364845e-03
2.021370057109521667e+00 -2.780612764182501580e-03
2.061370057109527920e+00 -2.865674533742821987e-03
2.101370057109534173e+00 -2.952999806372930223e-03
2.141370057109540426e+00 -3.042633378921238453e-03
2.181370057109546678e+00 -3.134620276534158274e-03
2.221370057109552931e+00 -3.229005725058837258e-03
2.261370057109559184e+00 -3.325835122428009213e-03
2.301370057109565437e+00 -3.425154009052947326e-03
2.341370057109571690e+00 -3.527008037241955492e-03
2.381370057109577942e+00 -3.631442939678518941e-03
2.421370057109584195e+00 -3.738504496978832786e-03
2.461370057109590448e+00 -3.848238504371641160e-03
2.501370057109596701e+00 -3.960690737528468203e-03
2.541370057109602953e+00 -4.075906917593310162e-03
2.581370057109609206e+00 -4.193932675446678665e-03
2.621370057109615459e+00 -4.314813515251425535e-03
2.661370057109621712e+00 -4.438594777332331015e-03
2.701370057109627965e+00 -4.565321600438337728e-03
2.741370057109634217e+00 -4.695038883443559963e-03
2.781370057109640470e+00 -4.827791246545805152e-03
2.821370057109646723e+00 -4.963622992020626234e-03
2.861370057109652976e+00 -5.102578064592848406e-03
2.901370057109659228e+00 -5.244700011491243430e-03
2.941370057109665481e+00 -5.390031942255018790e-03
2.981370057109671734e+00 -5.538616488354799854e-03
3.021370057109677987e+00 -5.690495762702674730e-03
3.061370057109684240e+00 -5.845711319121477470e-03
3.101370057109690492e+00 -6.004304111842218017e-03
3.141370057109696745e+00 -6.166314455104010897e-03
3.181370057109702998e+00 -6.331781982928177954e-03
3.221370057109709251e+00 -6.500745609134930478e-03
3.261370057109715503e+00 -6.673243487683251998e-03
3.301370057109721756e+00 -6.849312973394666715e-03
3.341370057109728009e+00 -7.028990583131508076e-03
3.381370057109734262e+00 -7.212311957498586390e-03
3.421370057109740515e+00 -7.399311823134011902e-03
3.461370057109746767e+00 -7.590023955643828389e-03
3.501370057109753020e+00 -7.784481143245125176e-03
3.541370057109759273e+00 -7.982715151164904849e-03
3.581370057109765526e+00 -8.184756686852959554e-03
3.621370057109771778e+00 -8.390635366041640161e-03
3.661370057109778031e+00 -8.600379679698769500e-03
3.701370057109784284e+00 -8.814016961906982056e-03
3.741370057109790537e+00 -9.031573358688767261e-03
3.781370057109796790e+00 -9.253073797801663822e-03
3.821370057109803042e+00 -9.478541959511527573e-03
3.861370057109809295e+00 -9.708000248350159497e-03
3.901370057109815548e+00 -9.941469765846014731e-03
3.941370057109821801e+00 -1.017897028421574715e-02
3.981370057109828053e+00 -1.042052022099367904e-02
4.021370057109834306e+00 -1.066613661455854956e-02
4.061370057109840559e+00 -1.091583510051680889e-02
4.101370057109846812e+00 -1.116962988888295372e-02
4.141370057109853065e+00 -1.142753374198923755e-02
4.181370057109859317e+00 -1.168955795304664827e-02
4.221370057109865570e+00 -1.195571232526307023e-02
4.261370057109871823e+00 -1.222600515141396629e-02
4.301370057109878076e+00 -1.250044319375217400e-02
4.341370057109884328e+00 -1.277903166412386674e-02
4.381370057109890581e+00 -1.306177420415472606e-02
4.421370057109896834e+00 -1.334867286534600211e-02
4.461370057109903087e+00 -1.363972808891653933e-02
4.501370057109909339e+00 -1.393493868520789998e-02
4.541370057109915592e+00 -1.423430181246469577e-02
4.581370057109921845e+00 -1.453781295478531743e-02
4.621370057109928098e+00 -1.484546589902141153e-02
4.661370057109934351e+00 -1.515725271040534519e-02
4.701370057109940603e+00 -1.547316370666664866e-02
4.741370057109946856e+00 -1.579318743038217801e-02
4.781370057109953109e+00 -1.611731061930948491e-02
4.821370057109959362e+00 -1.644551817443030278e-02
4.861370057109965614e+00 -1.677779312542995033e-02
4.901370057109971867e+00 -1.711411659333436988e-02
4.941370057109978120e+00 -1.745446775000914982e-02
4.981370057109984373e+00 -1.779882377423250631e-02
5.021370057109990626e+00 -1.814715980404390389e-02
5.061370057109996878e+00 -1.849944888506686175e-02
5.101370057110003131e+00 -1.885566191451205215e-02
5.141370057110009384e+00 -1.921576758055546646e-02
5.181370057110015637e+00 -1.957973229680221722e-02
5.221370057110021889e+00 -1.994752013153884562e-02
5.261370057110028142e+00 -2.031909273149441059e-02
5.301370057110034395e+00 -2.069440923983513828e-02
5.341370057110040648e+00 -2.107342620812754919e-02
5.381370057110046901e+00 -2.145609750201540530e-02
5.421370057110053153e+00 -2.184237420038220856e-02
5.461370057110059406e+00 -2.223220448777865621e-02
5.501370057110065659e+00 -2.262553353992329680e-02
5.541370057110071912e+00 -2.302230340210476359e-02
5.581370057110078164e+00 -2.342245286033736718e-02
5.621370057110084417e+00 -2.382591730516289696e-02
5.661370057110090670e+00 -2.423262858801518427e-02
5.701370057110096923e+00 -2.464251487010472863e-02
5.741370057110103176e+00 -2.505550046381956747e-02
5.781370057110109428e+00 -2.547150566667625085e-02
5.821370057110115681e+00 -2.589044658791499892e-02
5.861370057110121934e+00 -2.631223496786636029e-02
5.901370057110128187e+00 -2.673677799027933399e-02
5.941370057110134439e+00 -2.716397808786157400e-02
5.981370057110140692e+00 -2.759373274132774848e-02
6.021370057110146945e+00 -2.802593427233146875e-02
6.061370057110153198e+00 -2.846046963071010780e-02
6.101370057110159451e+00 -2.889722017655653452e-02
6.141370057110165703e+00 -2.933606145768138940e-02
6.181370057110171956e+00 -2.977686298312916952e-02
6.221370057110178209e+00 -3.021948799347669301e-02
6.261370057110184462e+00 -3.066379322872582816e-02
6.301370057110190714e+00 -3.110962869468768266e-02
6.341370057110196967e+00 -3.155683742882612469e-02
6.381370057110203220e+00 -3.200525526663953318e-02
6.421370057110209473e+00 -3.245471060972129201e-02
6.461370057110215726e+00 -3.290502419674262713e-02
6.501370057110221978e+00 -3.335600887868360453e-02
6.541370057110228231e+00 -3.380746939971938231e-02
6.581370057110234484e+00 -3.425920218526210675e-02
6.621370057110240737e+00 -3.471099513874351117e-02
6.661370057110246989e+00 -3.516262744878859148e-02
6.701370057110253242e+00 -3.561386940852346444e-02
6.741370057110259495e+00 -3.606448224883803538e-02
6.781370057110265748e+00 -3.651421798746028180e-02
6.821370057110272001e+00 -3.696281929580824688e-02
6.861370057110278253e+00 -3.741001938559557205e-02
6.901370057110284506e+00 -3.785554191723964484e-02
6.941370057110290759e+00 -3.829910093214917294e-02
6.981370057110297012e+00 -3.874040081100867811e-02
7.021370057110303264e+00 -3.917913626016735623e-02
7.061370057110309517e+00 -3.961499232826957984e-02
7.101370057110315770e+00 -4.004764445524792993e-02
7.141370057110322023e+00 -4.047675855576527565e-02
7.181370057110328275e+00 -4.090199113917387941e-02
7.221370057110334528e+00 -4.132298946799302375e-02
7.261370057110340781e+00 -4.173939175683483854e-02
7.301370057110347034e+00 -4.215082741362189550e-02
7.341370057110353287e+00 -4.255691732483048856e-02
7.381370057110359539e+00 -4.295727418637548811e-02
7.421370057110365792e+00 -4.335150288159277804e-02
7.461370057110372045e+00 -4.373920090762159485e-02
7.501370057110378298e+00 -4.411995885129615241e-02
7.541370057110384550e+00 -4.449336091543942134e-02
7.581370057110387251e+00 -4.485898549625429860e-02
7.621370057110393503e+00 -4.521640581223263650e-02
7.661370057110399756e+00 -4.556519058474890055e-02
7.701370057110406009e+00 -4.590490477022319410e-02
7.741370057110412262e+00 -4.623511034343968928e-02
7.781370057110418514e+00 -4.655536713128251292e-02
7.821370057110424767e+00 -4.686523369582171888e-02
7.861370057110431020e+00 -4.716426826535254080e-02
7.901370057110437273e+00 -4.745202971162090083e-02
7.941370057110443526e+00 -4.772807857111031199e-02
7.981370057110449778e+00 -4.799197810789838925e-02
8.021370057110456031e+00 -4.824329541522875270e-02
8.061370057110462284e+00 -4.848160255256689366e-02
8.101370057110468537e+00 -4.870647771453737174e-02
8.141370057110474789e+00 -4.891750642777554364e-02
8.181370057110481042e+00 -4.911428277138961407e-02
8.221370057110487295e+00 -4.929641061638520561e-02
8.261370057110493548e+00 -4.946350487907977961e-02
8.301370057110499801e+00 -4.961519278323622134e-02
8.341370057110506053e+00 -4.975111512536614655e-02
8.381370057110512306e+00 -4.987092753740611506e-02
8.421370057110518559e+00 -4.997430174076246401e-02
8.461370057110524812e+00 -5.006092678551916225e-02
8.501370057110531064e+00 -5.013051026847990810e-02
8.541370057110537317e+00 -5.018277952359365135e-02
8.581370057110543570e+00 -5.021748277825992257e-02
8.621370057110549823e+00 -5.023439026900004128e-02
8.661370057110556075e+00 -5.023329531000220172e-02
8.701370057110562328e+00 -5.021401530813545538e-02
8.741370057110568581e+00 -5.017639271816094065e-02
8.781370057110574834e+00 -5.012029593204197359e-02
8.821370057110581087e+00 -5.004562009650100757e-02
8.861370057110587339e+00 -4.995228785323472392e-02
8.901370057110593592e+00 -4.984024999654729227e-02
8.941370057110599845e+00 -4.970948604352970479e-02
8.981370057110606098e+00 -4.956000471233971277e-02
9.021370057110612350e+00 -4.939184430460649700e-02
9.061370057110618603e+00 -4.920507298848110500e-02
9.101370057110624856e+00 -4.899978897941192207e-02
9.141370057110631109e+00 -4.877612061627355222e-02
9.181370057110637362e+00 -4.853422633109975848e-02
9.221370057110643614e+00 -4.827429451127649568e-02
9.261370057110649867e+00 -4.799654325370501795e-02
9.301370057110656120e+00 -4.770122001108268589e-02
9.341370057110662373e+00 -4.738860113111375422e-02
9.381370057110668625e+00 -4.705899129010391452e-02
9.421370057110674878e+00 -4.671272282306590529e-02
9.461370057110681131e+00 -4.635015495307030081e-02
9.501370057110687384e+00 -4.597167292322303783e-02
9.541370057110693637e+00 -4.557768703523248921e-02
9.581370057110699889e+00 -4.516863159909630110e-02
9.621370057110706142e+00 -4.474496379896857751e-02
9.661370057110712395e+00 -4.430716248077988528e-02
9.701370057110718648e+00 -4.385572686761742695e-02
9.741370057110724900e+00 -4.339117520927493477e-02
9.781370057110731153e+00 -4.291404337275570025e-02
9.821370057110737406e+00 -4.242488338079083987e-02
9.861370057110743659e+00 -4.192426190569492617e-02
9.901370057110749912e+00 -4.141275872607740050e-02
9.941370057110756164e+00 -4.089096515404122556e-02
9.981370057110762417e+00 -4.035948244058270434e-02
1.002137005711076867e+01 -3.981892016693405062e-02
1.006137005711077492e+01 -3.926989462953456994e-02
1.010137005711078118e+01 -3.871302722622149695e-02
1.014137005711078743e+01 -3.814894285109361044e-02
1.018137005711079368e+01 -3.757826830528798734e-02
1.022137005711079993e+01 -3.700163073066366909e-02
1.026137005711080619e+01 -3.641965607310258118e-02
1.030137005711081244e+01 -3.583296758178691060e-02
1.034137005711081869e+01 -3.524218435045210762e-02
1.038137005711082494e+01 -3.464791990621902962e-02
1.042137005711083120e+01 -3.405078085114653791e-02
1.046137005711083745e+01 -3.345136556122858124e-02
1.050137005711084370e+01 -3.285026294705813144e-02
1.054137005711084996e+01 -3.224805127990670178e-02
1.058137005711085621e+01 -3.164529708646100087e-02
1.062137005711086246e+01 -3.104255411496582850e-02
1.066137005711086871e+01 -3.044036237501674888e-02
1.070137005711087497e+01 -2.983924725273890202e-02
1.074137005711088122e+01 -2.923971870261481837e-02
1.078137005711088747e+01 -2.864227051673122471e-02
1.082137005711089373e+01 -2.804737967176143890e-02
1.086137005711089998e+01 -2.745550575354116507e-02
1.090137005711090623e+01 -2.686709045869299997e-02
1.094137005711091248e+01 -2.628255717233545299e-02
1.098137005711091874e+01 -2.570231062054955523e-02
1.102137005711092499e+01 -2.512673659592190578e-02
1.106137005711093124e+01 -2.455620175416496631e-02
1.110137005711093749e+01 -2.399105347953815401e-02
1.114137005711094375e+01 -2.343161981652084822e-02
1.118137005711095000e+01 -2.287820946496984392e-02
1.122137005711095625e+01 -2.233111183579307088e-02
1.126137005711096251e+01 -2.179059716400666771e-02
1.130137005711096876e+01 -2.125691667591351336e-02
1.134137005711097501e+01 -2.073030280701870787e-02
1.138137005711098126e+01 -2.021096946723542273e-02
1.142137005711098752e+01 -1.969911234987574422e-02
1.146137005711099377e+01 -1.919490928089428658e-02
1.150137005711100002e+01 -1.869852060485135276e-02
1.154137005711100628e+01 -1.821008960408392399e-02
1.158137005711101253e+01 -1.772974294761725175e-02
1.162137005711101878e+01 -1.725759116640126350e-02
1.166137005711102503e+01 -1.679372915154660195e-02
1.170137005711103129e+01 -1.633823667231527887e-02
1.174137005711103754e+01 -1.589117891073654754e-02
1.178137005711104379e+01 -1.545260700983403304e-02
1.182137005711105004e+01 -1.502255863258022267e-02
1.186137005711105630e+01 -1.460105852882833018e-02
1.190137005711106255e+01 -1.418811910761684156e-02
1.194137005711106880e+01 -1.378374101238911270e-02
1.198137005711107506e+01 -1.338791369683333364e-02
1.202137005711108131e+01 -1.300061599918193346e-02
1.206137005711108756e+01 -1.262181671298335216e-02
1.210137005711109381e+01 -1.225147515251151335e-02
1.214137005711110007e+01 -1.188954171112204840e-02
1.218137005711110632e+01 -1.153595841103121321e-02
1.222137005711111257e+01 -1.119065944312973120e-02
1.226137005711111883e+01 -1.085357169559640449e-02
1.230137005711112508e+01 -1.052461527021502329e-02
1.234137005711113133e+01 -1.020370398542896559e-02
1.238137005711113758e+01 -9.890745865307465703e-03
1.242137005711114384e+01 -9.585643613711428493e-03
1.246137005711115009e+01 -9.288295073066412527e-03
1.250137005711115634e+01 -8.998593667269481899e-03
1.254137005711116259e+01 -8.716428828351382302e-03
1.258137005711116885e+01 -8.441686406617882055e-03
1.262137005711117510e+01 -8.174249064081873239e-03
1.266137005711118135e+01 -7.913996651085681427e-03
1.270137005711118761e+01 -7.660806566090089774e-03
1.274137005711119386e+01 -7.414554098677293183e-03
1.278137005711120011e+01 -7.175112755876724042e-03
1.282137005711120636e+01 -6.942354571986671108e-03
1.286137005711121262e+01 -6.716150402114253078e-03
1.290137005711121887e+01 -6.496370199701392151e-03
1.294137005711122512e+01 -6.282883278350416892e-03
1.298137005711123138e+01 -6.075558558293859060e-03
1.302137005711123763e+01 -5.874264797892009976e-03
1.306137005711124388e+01 -5.678870810558325245e-03
1.310137005711125013e+01 -5.489245667543193700e-03
1.314137005711125639e+01 -5.305258887023863411e-03
1.318137005711126264e+01 -5.126780609957391072e-03
1.322137005711126889e+01 -4.953681763173509341e-03
1.326137005711127514e+01 -4.785834210182531197e-03
1.330137005711128140e+01 -4.623110890185845763e-03
1.334137005711128765e+01 -4.465385945775762928e-03
1.338137005711129390e+01 -4.312534839811830133e-03
1.342137005711130016e+01 -4.164434461958058456e-03
1.346137005711130641e+01 -4.020963225361723001e-03
1.350137005711131266e+01 -3.882001153948746921e-03
1.354137005711131891e+01 -3.747429960804887512e-03
1.358137005711132517e+01 -3.617133118096534528e-03
1.362137005711133142e+01 -3.490995918983919553e-03
1.366137005711133767e+01 -3.368905531963982576e-03
1.370137005711134393e+01 -3.250751048066902529e-03
1.374137005711135018e+01 -3.136423521322344397e-03
1.378137005711135643e+01 -3.025816002895400682e-03
1.382137005711136268e+01 -2.918823569277920887e-03
1.386137005711136894e+01 -2.815343344912465007e-03
1.390137005711137519e+01 -2.715274519605711048e-03
1.394137005711138144e+01 -2.618518361078213137e-03
1.398137005711138769e+01 -2.524978222983787022e-03
1.402137005711139395e+01 -2.434559548713081684e-03
1.406137005711140020e+01 -2.347169871289920065e-03
1.410137005711140645e+01 -2.262718809645027605e-03
1.414137005711141271e+01 -2.181118061549532517e-03
1.418137005711141896e+01 -2.102281393466813933e-03
1.422137005711142521e+01 -2.026124627575405079e-03
1.426137005711143146e+01 -1.952565626200108116e-03
1.430137005711143772e+01 -1.881524273874765184e-03
1.434137005711144397e+01 -1.812922457251940752e-03
1.438137005711145022e+01 -1.746684043060245774e-03
1.442137005711145648e+01 -1.682734854298491940e-03
1.446137005711146273e+01 -1.621002644845763885e-03
1.450137005711146898e+01 -1.561417072657555159e-03
1.454137005711147523e+01 -1.503909671703625118e-03
1.458137005711148149e+01 -1.448413822800555945e-03
1.462137005711148774e+01 -1.394864723474617237e-03
1.466137005711149399e+01 -1.343199356986545792e-03
1.470137005711150024e+01 -1.293356460641892315e-03
1.474137005711150650e+01 -1.245276493499818289e-03
1.478137005711151275e+01 -1.198901603584223230e-03
1.482137005711151900e+01 -1.154175594701425597e-03
1.486137005711152526e+01 -1.111043892951052870e-03
1.490137005711153151e+01 -1.069453513017677108e-03
1.494137005711153776e+01 -1.029353024321797176e-03
1.498137005711154401e+01 -9.906925171038322413e-04
1.502137005711155027e+01 -9.534235685076374598e-04
1.506137005711155652e+01 -9.174992087235059324e-04
1.510137005711156277e+01 -8.828738872505483698e-04
1.514137005711156903e+01 -8.495034393296364058e-04
1.518137005711157528e+01 -8.173450525936367230e-04
1.522137005711158153e+01 -7.863572339785107265e-04
1.526137005711158778e+01 -7.564997769364289245e-04
1.530137005711159404e+01 -7.277337289841864310e-04
1.534137005711160029e+01 -7.000213596187707414e-04
1.538137005711160654e+01 -6.733261286314891651e-04
1.542137005711161279e+01 -6.476126548447512250e-04
1.546137005711161905e+01 -6.228466852954486765e-04
1.550137005711162530e+01 -5.989950648830743435e-04
1.554137005711163155e+01 -5.760257065022388479e-04
1.558137005711163781e+01 -5.539075616740461077e-04
1.562137005711164406e+01 -5.326105916895126913e-04
1.566137005711165031e+01 -5.121057392765059014e-04
1.570137005711165656e+01 -4.923649008000992441e-04
1.574137005711166282e+01 -4.733608990018234319e-04
1.578137005711166907e+01 -4.550674562859165196e-04
1.582137005711167532e+01 -4.374591685543307174e-04
1.586137005711168158e+01 -4.205114795970388807e-04
1.590137005711168783e+01 -4.042006560356538737e-04
1.594137005711169408e+01 -3.885037628246637911e-04
1.598137005711170033e+01 -3.733986393053355499e-04
1.602137005711170659e+01 -3.588638758146628816e-04
1.606137005711171284e+01 -3.448787908450027260e-04
1.610137005711171909e+01 -3.314234087510747775e-04
1.614137005711172534e+01 -3.184784380020474689e-04
1.618137005711173160e+01 -3.060252499711895520e-04
1.622137005711173785e+01 -2.940458582595301715e-04
1.626137005711174410e+01 -2.825228985486560570e-04
1.630137005711175036e+01 -2.714396089726907432e-04
1.634137005711175661e+01 -2.607798110074532427e-04
1.638137005711176286e+01 -2.505278908659955110e-04
1.642137005711176911e+01 -2.406687813944204753e-04
1.646137005711177537e+01 -2.311879444582312887e-04
1.650137005711178162e+01 -2.220713538148094365e-04
1.654137005711178787e+01 -2.133054784597202805e-04
1.658137005711179413e+01 -2.048772664410206514e-04
1.662137005711180038e+01 -1.967741291315851552e-04
1.666137005711180663e+01 -1.889839259505088028e-04
1.670137005711181288e+01 -1.814949495246387736e-04
1.674137005711181914e+01 -1.742959112832872582e-04
1.678137005711182539e+01 -1.673759274737622225e-04
1.682137005711183164e+01 -1.607245055905213819e-04
1.686137005711183789e+01 -1.543315312069477158e-04
1.690137005711184415e+01 -1.481872552051536772e-04
1.694137005711185040e+01 -1.422822813883752242e-04
1.698137005711185665e+01 -1.366075544732524836e-04
1.702137005711186291e+01 -1.311543484472008330e-04
1.706137005711186916e+01 -1.259142552859149398e-04
1.710137005711187541e+01 -1.208791740196045591e-04
1.714137005711188166e+01 -1.160413001427413178e-04
1.718137005711188792e+01 -1.113931153537921063e-04
1.722137005711189417e+01 -1.069273776195913051e-04
1.726137005711190042e+01 -1.026371115551556702e-04
1.730137005711190668e+01 -9.851559911015104413e-05
1.734137005711191293e+01 -9.455637055423865448e-05
1.738137005711191918e+01 -9.075319575394625920e-05
1.742137005711192543e+01 -8.710007572988826496e-05
1.746137005711193169e+01 -8.359123449113266746e-05
1.750137005711193794e+01 -8.022111113494762914e-05
1.754137005711194419e+01 -7.698435220705970752e-05
1.758137005711195044e+01 -7.387580431280049145e-05
1.762137005711195670e+01 -7.089050697488762879e-05
1.766137005711196295e+01 -6.802368572771962498e-05
1.770137005711196920e+01 -6.527074544182928000e-05
1.774137005711197546e+01 -6.262726387374427492e-05
1.778137005711198171e+01 -6.008898543160899163e-05
1.782137005711198796e+01 -5.765181515287436662e-05
1.786137005711199421e+01 -5.531181288470990182e-05
1.790137005711200047e+01 -5.306518766445403242e-05
1.794137005711200672e+01 -5.090829229076668499e-05
1.798137005711201297e+01 -4.883761808136207231e-05
1.802137005711201923e+01 -4.684978981094383105e-05
1.806137005711202548e+01 -4.494156082436562126e-05
1.810137005711203173e+01 -4.310980831745478951e-05
1.814137005711203798e+01 -4.135152878372794298e-05
1.818137005711204424e+01 -3.966383361996794575e-05
1.822137005711205049e+01 -3.804394488269504396e-05
1.826137005711205674e+01 -3.648919119550095552e-05
1.830137005711206299e+01 -3.499700380110680600e-05
1.834137005711206925e+01 -3.356491275027424656e-05
1.838137005711207550e+01 -3.219054322659769889e-05
1.842137005711208175e+01 -3.087161200149804603e-05
1.846137005711208801e+01 -2.960592401592423252e-05
1.850137005711209426e+01 -2.839136908283457653e-05
1.854137005711210051e+01 -2.722591870771236050e-05
1.858137005711210676e+01 -2.610762302284817178e-05
1.862137005711211302e+01 -2.503460783313377183e-05
1.866137005711211927e+01 -2.400507176648441921e-05
1.870137005711212552e+01 -2.301728352788144356e-05
1.874137005711213178e+01 -2.206957925199193129e-05
1.878137005711213803e+01 -2.116035995255910641e-05
1.882137005711214428e+01 -2.028808906454431006e-05
1.886137005711215053e+01 -1.945129007525817321e-05
1.890137005711215679e+01 -1.864854424212096607e-05
1.894137005711216304e+01 -1.787848839361739865e-05
1.898137005711216929e+01 -1.713981281153448857e-05
1.902137005711217554e+01 -1.643125918995683954e-05
1.906137005711218180e+01 -1.575161867067221663e-05
1.910137005711218805e+01 -1.509972994956202811e-05
1.914137005711219430e+01 -1.447447745349906877e-05
1.918137005711220056e+01 -1.387478958588805257e-05
1.922137005711220681e+01 -1.329963703560886199e-05
1.926137005711221306e+01 -1.274803114905154786e-05
1.930137005711221931e+01 -1.221902236462795258e-05
1.934137005711222557e+01 -1.171169870227206167e-05
1.938137005711223182e+01 -1.122518431236366212e-05
1.942137005711223807e+01 -1.075863807751599951e-05
1.946137005711224433e+01 -1.031125226752795609e-05
1.950137005711225058e+01 -9.882251243986247551e-06
1.954137005711225683e+01 -9.470890214218039517e-06
1.958137005711226308e+01 -9.076454032211097079e-06
1.962137005711226934e+01 -8.698256044193368740e-06
1.966137005711227559e+01 -8.335636978714507401e-06
1.970137005711228184e+01 -7.987963877225346071e-06
1.974137005711228809e+01 -7.654629067108503264e-06
1.978137005711229435e+01 -7.335049173531341694e-06
1.982137005711230060e+01 -7.028664166936085722e-06
1.986137005711230685e+01 -6.734936447984430437e-06
1.990137005711231311e+01 -6.453349968015027743e-06
1.994137005711231936e+01 -6.183409382752405286e-06
1.998137005711232561e+01 -5.924639237899847910e-06
2.002137005711233186e+01 -5.676583186380369240e-06
2.006137005711233812e+01 -5.438803236006139093e-06
2.010137005711234437e+01 -5.210879024398540528e-06
2.014137005711235062e+01 -4.992407122945880048e-06
2.018137005711235687e+01 -4.783000367569310268e-06
2.022137005711236313e+01 -4.582287216080265211e-06
2.026137005711236938e+01 -4.389911129403732456e-06
2.030137005711237563e+01 -4.205529975919319382e-06
2.034137005711238189e+01 -4.028815460816029042e-06
2.038137005711238814e+01 -3.859452575976560885e-06
2.042137005711239439e+01 -3.697139071936372155e-06
2.046137005711240064e+01 -3.541584949863620432e-06
2.050137005711240690e+01 -3.392511973705582090e-06
2.054137005711241315e+01 -3.249653201700240394e-06
2.058137005711241940e+01 -3.112752535295720756e-06
2.062137005711242566e+01 -2.981564286765356744e-06
2.066137005711243191e+01 -2.855852762456051439e-06
2.070137005711243816e+01 -2.735391863145619277e-06
2.074137005711244441e+01 -2.619964699932408219e-06
2.078137005711245067e+01 -2.509363224627842910e-06
2.082137005711245692e+01 -2.403387876079057609e-06
2.086137005711246317e+01 -2.301847239081774756e-06
2.090137005711246942e+01 -2.204557716684532180e-06
2.094137005711247568e+01 -2.111343216510856659e-06
2.098137005711248193e+01 -2.022034847956778945e-06
2.102137005711248818e+01 -1.936470632561125226e-06
2.106137005711249444e+01 -1.854495225228284200e-06
2.110137005711250069e+01 -1.775959646995328473e-06
2.114137005711250694e+01 -1.700721027851783973e-06
2.118137005711251319e+01 -1.628642360285056539e-06
2.122137005711251945e+01 -1.559592261731612903e-06
2.126137005711252570e+01 -1.493444746772774067e-06
2.130137005711253195e+01 -1.430079009461143222e-06
2.134137005711253821e+01 -1.369379212750940816e-06
2.138137005711254446e+01 -1.311234286908085076e-06
2.142137005711255071e+01 -1.255537736418072141e-06
2.146137005711255696e+01 -1.202187454388466802e-06
2.150137005711256322e+01 -1.151085543601459300e-06
2.154137005711256947e+01 -1.102138145344086371e-06
2.158137005711257572e+01 -1.055255275976654982e-06
2.162137005711258197e+01 -1.010350667403856179e-06
2.166137005711258823e+01 -9.673416167391878827e-07
2.170137005711259448e+01 -9.261488411668894683e-07
2.174137005711260073e+01 -8.866963381149142828e-07
2.178137005711260699e+01 -8.489112511265027638e-07
2.182137005711261324e+01 -8.127237407690720368e-07
2.186137005711261949e+01 -7.780668622429344266e-07
2.190137005711262574e+01 -7.448764462918144530e-07
2.194137005711263200e+01 -7.130909853579125157e-07
2.198137005711263825e+01 -6.826515251969585211e-07
2.202137005711264450e+01 -6.535015597364169155e-07
2.206137005711265076e+01 -6.255869312362400465e-07
2.210137005711265701e+01 -5.988557331516694383e-07
2.214137005711266326e+01 -5.732582177079716607e-07
2.218137005711266951e+01 -5.487467076767147976e-07
2.222137005711267577e+01 -5.252755106326640166e-07
2.226137005711268202e+01 -5.028008378283148372e-07
2.230137005711268827e+01 -4.812807253701040733e-07
2.234137005711269452e+01 -4.606749589712131065e-07
2.238137005711270078e+01 -4.409450022544836005e-07
2.242137005711270703e+01 -4.220539273253736266e-07
2.246137005711271328e+01 -4.039663480205181265e-07
2.250137005711271954e+01 -3.866483565420245390e-07
2.254137005711272579e+01 -3.700674627454477923e-07
2.258137005711273204e+01 -3.541925350169198086e-07
2.262137005711273829e+01 -3.389937444657608348e-07
2.266137005711274455e+01 -3.244425101406943016e-07
2.270137005711275080e+01 -3.105114479701880443e-07
2.274137005711275705e+01 -2.971743213366372682e-07
2.278137005711276331e+01 -2.844059933525047388e-07
2.282137005711276956e+01 -2.721823811293132914e-07
2.286137005711277581e+01 -2.604804119575879745e-07
2.290137005711278206e+01 -2.492779812961394483e-07
2.294137005711278832e+01 -2.385539129886885982e-07
2.298137005711279457e+01 -2.282879199421680712e-07
2.302137005711280082e+01 -2.184605677548825959e-07
2.306137005711280707e+01 -2.090532384612743460e-07
2.310137005711281333e+01 -2.000480974804374320e-07
2.314137005711281958e+01 -1.914280605863797778e-07
2.318137005711282583e+01 -1.831767624937827634e-07
2.322137005711283209e+01 -1.752785268807767466e-07
2.326137005711283834e+01 -1.677183378950330321e-07
2.330137005711284459e+01 -1.604818121484516564e-07
2.334137005711285084e+01 -1.535551723411053984e-07
2.338137005711285710e+01 -1.469252225130895047e-07
2.342137005711286335e+01 -1.405793229674906751e-07
2.346137005711286960e+01 -1.345053672407478404e-07
2.350137005711287586e+01 -1.286917605176028038e-07
2.354137005711288211e+01 -1.231273968910902230e-07
2.358137005711288836e+01 -1.178016398378324480e-07
2.362137005711289461e+01 -1.127043019467938222e-07
2.366137005711290087e+01 -1.078256258981198784e-07
2.370137005711290712e+01 -1.031562673342090021e-07
2.374137005711291337e+01 -9.868727710271789995e-08
2.378137005711291962e+01 -9.441008414385023892e-08
2.382137005711292588e+01 -9.031648002879260238e-08
2.386137005711293213e+01 -8.639860373525210771e-08
2.390137005711293838e+01 -8.264892695130816644e-08
2.394137005711294464e+01 -7.906023981673413003e-08
2.398137005711295089e+01 -7.562563748576530720e-08
2.402137005711295714e+01 -7.233850778336556535e-08
2.406137005711296339e+01 -6.919251801177753137e-08
2.410137005711296965e+01 -6.618160412859273979e-08
2.414137005711297590e+01 -6.329995849683267849e-08
2.418137005711298215e+01 -6.054201944939754203e-08
2.422137005711298841e+01 -5.790246093699162382e-08
2.426137005711299466e+01 -5.537618262990033681e-08
2.430137005711300091e+01 -5.295829983585337247e-08
2.434137005711300716e+01 -5.064413483009022012e-08
2.438137005711301342e+01 -4.842920761945396096e-08
2.442137005711301967e+01 -4.630922790187634290e-08
